{
  "K": [
    [
      816.1527099609375,
      0.0,
      512.0
    ],
    [
      0.0,
      815.5313110351562,
      288.0000305175781
    ],
    [
      0.0,
      0.0,
      1.0
    ]
  ],
  "poses": [
    [
      [
        1.0,
        0.0,
        0.0,
        0.0
      ],
      [
        0.0,
        1.0,
        0.0,
        0.0
      ],
      [
        0.0,
        0.0,
        1.0,
        0.0
      ],
      [
        0.0,
        0.0,
        0.0,
        1.0
      ]
    ],
    [
      [
        0.999987333140121,
        -0.0,
        -0.005033245405155797,
        0.007487755050353798
      ],
      [
        0.0,
        1.0,
        -0.0,
        0.0
      ],
      [
        0.005033245405155797,
        0.0,
        0.999987333140121,
        0.021652020835950053
      ],
      [
        0.0,
        0.0,
        0.0,
        1.0
      ]
    ],
    [
      [
        0.9999484805140696,
        -0.0,
        -0.010150680647289323,
        0.014975509709782071
      ],
      [
        0.0,
        0.9999999999999999,
        -0.0,
        0.0
      ],
      [
        0.010150680647289323,
        0.0,
        0.9999484805140696,
        0.04317550848663589
      ],
      [
        0.0,
        0.0,
        0.0,
        1.0
      ]
    ],
    [
      [
        0.9998810033401963,
        -0.0,
        -0.015426573158109165,
        0.022463263633350532
      ],
      [
        0.0,
        1.0,
        -0.0,
        0.0
      ],
      [
        0.015426573158109165,
        0.0,
        0.9998810033401963,
        0.06445705131800086
      ],
      [
        0.0,
        0.0,
        0.0,
        1.0
      ]
    ],
    [
      [
        0.9997821318733003,
        -0.0,
        -0.02087315948481494,
        0.029951017947844518
      ],
      [
        0.0,
        0.9999999999999999,
        -0.0,
        0.0
      ],
      [
        0.02087315948481494,
        0.0,
        0.9997821318733003,
        0.08522887261193476
      ],
      [
        0.0,
        0.0,
        0.0,
        1.0
      ]
    ],
    [
      [
        0.9996513425497581,
        -0.0,
        -0.026404418919303944,
        0.03743877243480565
      ],
      [
        0.0,
        0.9999999999999999,
        -0.0,
        0.0
      ],
      [
        0.026404418919303944,
        0.0,
        0.9996513425497581,
        0.10573148322694097
      ],
      [
        0.0,
        0.0,
        0.0,
        1.0
      ]
    ],
    [
      [
        0.9994825692845983,
        -0.0,
        -0.03216510059455433,
        0.044926526921766775
      ],
      [
        0.0,
        0.9999999999999998,
        -0.0,
        0.0
      ],
      [
        0.03216510059455433,
        0.0,
        0.9994825692845983,
        0.12519225588551275
      ],
      [
        0.0,
        0.0,
        0.0,
        1.0
      ]
    ],
    [
      [
        0.9992773328570564,
        -0.0,
        -0.03801068320995386,
        0.05241428053489438
      ],
      [
        0.0,
        0.9999999999999999,
        -0.0,
        0.0
      ],
      [
        0.03801068320995386,
        0.0,
        0.9992773328570564,
        0.1441027476095859
      ],
      [
        0.0,
        0.0,
        0.0,
        1.0
      ]
    ],
    [
      [
        0.9990319405450511,
        -0.0,
        -0.04399070095815521,
        0.05990203276828484
      ],
      [
        0.0,
        1.0000000000000002,
        -0.0,
        0.0
      ],
      [
        0.04399070095815521,
        0.0,
        0.9990319405450511,
        0.16214437470024015
      ],
      [
        0.0,
        0.0,
        0.0,
        1.0
      ]
    ],
    [
      [
        0.9987437489133515,
        -0.0,
        -0.05010912099113397,
        0.06738978831304444
      ],
      [
        0.0,
        1.0,
        -0.0,
        0.0
      ],
      [
        0.05010912099113397,
        0.0,
        0.9987437489133515,
        0.17891656193468308
      ],
      [
        0.0,
        0.0,
        0.0,
        1.0
      ]
    ],
    [
      [
        0.9984145660472529,
        -0.0,
        -0.05628813644699668,
        0.0748775448696113
      ],
      [
        0.0,
        0.9999999999999999,
        -0.0,
        0.0
      ],
      [
        0.05628813644699668,
        0.0,
        0.9984145660472529,
        0.19506650556016852
      ],
      [
        0.0,
        0.0,
        0.0,
        1.0
      ]
    ],
    [
      [
        0.9980387448173685,
        -0.0,
        -0.06259923197109703,
        0.08236529935657243
      ],
      [
        0.0,
        0.9999999999999999,
        -0.0,
        0.0
      ],
      [
        0.06259923197109703,
        0.0,
        0.9980387448173685,
        0.20937330800074117
      ],
      [
        0.0,
        0.0,
        0.0,
        1.0
      ]
    ],
    [
      [
        0.9976203869423456,
        -0.0,
        -0.06894609167316983,
        0.08985305384353355
      ],
      [
        0.0,
        1.0000000000000002,
        -0.0,
        0.0
      ],
      [
        0.06894609167316983,
        0.0,
        0.9976203869423456,
        0.22271506322754756
      ],
      [
        0.0,
        0.0,
        0.0,
        1.0
      ]
    ],
    [
      [
        0.9971578131976546,
        -0.0,
        -0.07534119443485943,
        0.09734080833049469
      ],
      [
        0.0,
        1.0,
        -0.0,
        0.0
      ],
      [
        0.07534119443485943,
        0.0,
        0.9971578131976546,
        0.2347700888359988
      ],
      [
        0.0,
        0.0,
        0.0,
        1.0
      ]
    ],
    [
      [
        0.9966528588446802,
        -0.0,
        -0.08175010065269318,
        0.10482856281745581
      ],
      [
        0.0,
        0.9999999999999999,
        -0.0,
        0.0
      ],
      [
        0.08175010065269318,
        0.0,
        0.9966528588446802,
        0.24491889204507994
      ],
      [
        0.0,
        0.0,
        0.0,
        1.0
      ]
    ],
    [
      [
        0.996106856144916,
        -0.0,
        -0.08815401942675005,
        0.11231631675252209
      ],
      [
        0.0,
        1.0,
        -0.0,
        0.0
      ],
      [
        0.08815401942675005,
        0.0,
        0.996106856144916,
        0.25419479939672684
      ],
      [
        0.0,
        0.0,
        0.0,
        1.0
      ]
    ],
    [
      [
        0.995524129565375,
        -0.0,
        -0.09450771107746803,
        0.11980406673234187
      ],
      [
        0.0,
        0.9999999999999998,
        -0.0,
        0.0
      ],
      [
        0.09450771107746803,
        0.0,
        0.995524129565375,
        0.2611695285196658
      ],
      [
        0.0,
        0.0,
        0.0,
        1.0
      ]
    ],
    [
      [
        0.994907122981608,
        -0.0,
        -0.1007959157925545,
        0.1272918188277586
      ],
      [
        0.0,
        1.0,
        -0.0,
        0.0
      ],
      [
        0.1007959157925545,
        0.0,
        0.994907122981608,
        0.2668574161735582
      ],
      [
        0.0,
        0.0,
        0.0,
        1.0
      ]
    ],
    [
      [
        0.994257891170359,
        -0.0,
        -0.10701049409039635,
        0.13477957331471974
      ],
      [
        0.0,
        1.0,
        -0.0,
        0.0
      ],
      [
        0.10701049409039635,
        0.0,
        0.994257891170359,
        0.27109061347113717
      ],
      [
        0.0,
        0.0,
        0.0,
        1.0
      ]
    ],
    [
      [
        0.9935891524887142,
        -0.0,
        -0.113051298341766,
        0.14226733148097992
      ],
      [
        0.0,
        1.0000000000000002,
        -0.0,
        0.0
      ],
      [
        0.113051298341766,
        0.0,
        0.9935891524887142,
        0.2730266036074839
      ],
      [
        0.0,
        0.0,
        0.0,
        1.0
      ]
    ],
    [
      [
        0.9928937171452081,
        -0.0,
        -0.11900448081299905,
        0.14975508900336276
      ],
      [
        0.0,
        1.0,
        -0.0,
        0.0
      ],
      [
        0.11900448081299905,
        0.0,
        0.9928937171452081,
        0.2739823306048358
      ],
      [
        0.0,
        0.0,
        0.0,
        1.0
      ]
    ],
    [
      [
        0.9921918131238827,
        -0.0,
        -0.12472131321447098,
        0.15724283898318256
      ],
      [
        0.0,
        1.0,
        -0.0,
        0.0
      ],
      [
        0.12472131321447098,
        0.0,
        0.9921918131238827,
        0.2725631760226356
      ],
      [
        0.0,
        0.0,
        0.0,
        1.0
      ]
    ],
    [
      [
        0.9914795249229916,
        -0.0,
        -0.1302626257161999,
        0.16473059356212616
      ],
      [
        0.0,
        0.9999999999999999,
        -0.0,
        0.0
      ],
      [
        0.1302626257161999,
        0.0,
        0.9914795249229916,
        0.26970830375765575
      ],
      [
        0.0,
        0.0,
        0.0,
        1.0
      ]
    ],
    [
      [
        0.9907588077511772,
        -0.0,
        -0.1356354852664522,
        0.17221835255622864
      ],
      [
        0.0,
        1.0,
        -0.0,
        0.0
      ],
      [
        0.1356354852664522,
        0.0,
        0.9907588077511772,
        0.2654751425172076
      ],
      [
        0.0,
        0.0,
        0.0,
        1.0
      ]
    ],
    [
      [
        0.990055225189822,
        -0.0,
        -0.14067924891159775,
        0.17970609609727506
      ],
      [
        0.0,
        1.0000000000000002,
        -0.0,
        0.0
      ],
      [
        0.14067924891159775,
        0.0,
        0.990055225189822,
        0.2588920659489102
      ],
      [
        0.0,
        0.0,
        0.0,
        1.0
      ]
    ],
    [
      [
        0.9893461343414001,
        -0.0,
        -0.1455823700306069,
        0.1871938407421112
      ],
      [
        0.0,
        1.0,
        -0.0,
        0.0
      ],
      [
        0.1455823700306069,
        0.0,
        0.9893461343414001,
        0.2513821772587152
      ],
      [
        0.0,
        0.0,
        0.0,
        1.0
      ]
    ],
    [
      [
        0.9886618540849164,
        -0.0,
        -0.15015904327537374,
        0.19468159973621368
      ],
      [
        0.0,
        1.0,
        -0.0,
        0.0
      ],
      [
        0.15015904327537374,
        0.0,
        0.9886618540849164,
        0.2417851662562217
      ],
      [
        0.0,
        0.0,
        0.0,
        1.0
      ]
    ],
    [
      [
        0.9879921686627855,
        -0.0,
        -0.15450396325339433,
        0.20216936369736987
      ],
      [
        0.0,
        1.0,
        -0.0,
        0.0
      ],
      [
        0.15450396325339433,
        0.0,
        0.9879921686627855,
        0.23083374400933587
      ],
      [
        0.0,
        0.0,
        0.0,
        1.0
      ]
    ],
    [
      [
        0.9873333091741874,
        -0.0,
        -0.15865981405241975,
        0.2096571317057551
      ],
      [
        0.0,
        1.0,
        -0.0,
        0.0
      ],
      [
        0.15865981405241975,
        0.0,
        0.9873333091741874,
        0.21877872741516724
      ],
      [
        0.0,
        0.0,
        0.0,
        1.0
      ]
    ],
    [
      [
        0.986717183170972,
        -0.0,
        -0.16244753132978865,
        0.2171448673363085
      ],
      [
        0.0,
        1.0,
        -0.0,
        0.0
      ],
      [
        0.16244753132978865,
        0.0,
        0.986717183170972,
        0.20470169094609628
      ],
      [
        0.0,
        0.0,
        0.0,
        1.0
      ]
    ],
    [
      [
        0.9861093805704106,
        -0.0,
        -0.16609722920940329,
        0.22463260811788066
      ],
      [
        0.0,
        1.0,
        -0.0,
        0.0
      ],
      [
        0.16609722920940329,
        0.0,
        0.9861093805704106,
        0.189903379590423
      ],
      [
        0.0,
        0.0,
        0.0,
        1.0
      ]
    ],
    [
      [
        0.9855379996418994,
        -0.0,
        -0.16945456990545785,
        0.23212037612626582
      ],
      [
        0.0,
        1.0,
        -0.0,
        0.0
      ],
      [
        0.16945456990545785,
        0.0,
        0.9855379996418994,
        0.17358961020722802
      ],
      [
        0.0,
        0.0,
        0.0,
        1.0
      ]
    ],
    [
      [
        0.9849914902771542,
        -0.0,
        -0.17260290867071504,
        0.23960813346468374
      ],
      [
        0.0,
        1.0000000000000002,
        -0.0,
        0.0
      ],
      [
        0.17260290867071504,
        0.0,
        0.9849914902771542,
        0.15625323116043466
      ],
      [
        0.0,
        0.0,
        0.0,
        1.0
      ]
    ],
    [
      [
        0.9844603895588272,
        -0.0,
        -0.1756067805914164,
        0.24709588344450348
      ],
      [
        0.0,
        0.9999999999999999,
        -0.0,
        0.0
      ],
      [
        0.1756067805914164,
        0.0,
        0.9844603895588272,
        0.13821160406978045
      ],
      [
        0.0,
        0.0,
        0.0,
        1.0
      ]
    ],
    [
      [
        0.983972282816766,
        -0.0,
        -0.17832146995906653,
        0.2545836418867111
      ],
      [
        0.0,
        0.9999999999999999,
        -0.0,
        0.0
      ],
      [
        0.17832146995906653,
        0.0,
        0.983972282816766,
        0.11883771364335657
      ],
      [
        0.0,
        0.0,
        0.0,
        1.0
      ]
    ],
    [
      [
        0.9834936527644107,
        -0.0,
        -0.18094262895215377,
        0.26207140345632296
      ],
      [
        0.0,
        1.0,
        -0.0,
        0.0
      ],
      [
        0.18094262895215377,
        0.0,
        0.9834936527644107,
        0.09906660563048024
      ],
      [
        0.0,
        0.0,
        0.0,
        1.0
      ]
    ],
    [
      [
        0.9830422859439558,
        -0.0,
        -0.18337901746405502,
        0.26955917146470815
      ],
      [
        0.0,
        1.0000000000000002,
        -0.0,
        0.0
      ],
      [
        0.18337901746405502,
        0.0,
        0.9830422859439558,
        0.07851967049969565
      ],
      [
        0.0,
        0.0,
        0.0,
        1.0
      ]
    ],
    [
      [
        0.9826093289704918,
        -0.0,
        -0.18568496605853665,
        0.27704692806726616
      ],
      [
        0.0,
        1.0,
        -0.0,
        0.0
      ],
      [
        0.18568496605853665,
        0.0,
        0.9826093289704918,
        0.0575079807068831
      ],
      [
        0.0,
        0.0,
        0.0,
        1.0
      ]
    ],
    [
      [
        0.9821853251315408,
        -0.0,
        -0.1879148400107072,
        0.284534678047086
      ],
      [
        0.0,
        1.0,
        -0.0,
        0.0
      ],
      [
        0.1879148400107072,
        0.0,
        0.9821853251315408,
        0.03622643336837671
      ],
      [
        0.0,
        0.0,
        0.0,
        1.0
      ]
    ],
    [
      [
        0.981784862746157,
        -0.0,
        -0.18999600859625937,
        0.29202241036627025
      ],
      [
        0.0,
        1.0,
        -0.0,
        0.0
      ],
      [
        0.18999600859625937,
        0.0,
        0.981784862746157,
        0.014581970014612202
      ],
      [
        0.0,
        0.0,
        0.0,
        1.0
      ]
    ],
    [
      [
        0.9813868548374174,
        -0.0,
        -0.19204124856999155,
        0.2995101540912817
      ],
      [
        0.0,
        0.9999999999999998,
        -0.0,
        0.0
      ],
      [
        0.19204124856999155,
        0.0,
        0.9813868548374174,
        -0.007070051955179768
      ],
      [
        0.0,
        0.0,
        0.0,
        1.0
      ]
    ],
    [
      [
        0.9809976359551641,
        -0.0,
        -0.19401968521358737,
        0.3069979220996668
      ],
      [
        0.0,
        1.0,
        -0.0,
        0.0
      ],
      [
        0.19401968521358737,
        0.0,
        0.9809976359551641,
        -0.028722069522997353
      ],
      [
        0.0,
        0.0,
        0.0,
        1.0
      ]
    ],
    [
      [
        0.9806107532182585,
        -0.0,
        -0.19596568748819077,
        0.3144856779663651
      ],
      [
        0.0,
        0.9999999999999999,
        -0.0,
        0.0
      ],
      [
        0.19596568748819077,
        0.0,
        0.9806107532182585,
        -0.050124586732299276
      ],
      [
        0.0,
        0.0,
        0.0,
        1.0
      ]
    ],
    [
      [
        0.9802231011281881,
        -0.0,
        -0.197895608881647,
        0.32197342831411474
      ],
      [
        0.0,
        1.0,
        -0.0,
        0.0
      ],
      [
        0.197895608881647,
        0.0,
        0.9802231011281881,
        -0.07139114207691613
      ],
      [
        0.0,
        0.0,
        0.0,
        1.0
      ]
    ],
    [
      [
        0.979831383502616,
        -0.0,
        -0.19982607413285525,
        0.3294611963225
      ],
      [
        0.0,
        1.0,
        -0.0,
        0.0
      ],
      [
        0.19982607413285525,
        0.0,
        0.979831383502616,
        -0.0919380817148421
      ],
      [
        0.0,
        0.0,
        0.0,
        1.0
      ]
    ],
    [
      [
        0.9794323264890473,
        -0.0,
        -0.20177293631270748,
        0.3369489510854085
      ],
      [
        0.0,
        0.9999999999999999,
        -0.0,
        0.0
      ],
      [
        0.20177293631270748,
        0.0,
        0.9794323264890473,
        -0.1120860245492723
      ],
      [
        0.0,
        0.0,
        0.0,
        1.0
      ]
    ],
    [
      [
        0.9790232491290046,
        -0.0,
        -0.2037485648167522,
        0.3444366830366629
      ],
      [
        0.0,
        0.9999999999999997,
        -0.0,
        0.0
      ],
      [
        0.2037485648167522,
        0.0,
        0.9790232491290046,
        -0.13154680622212683
      ],
      [
        0.0,
        0.0,
        0.0,
        1.0
      ]
    ],
    [
      [
        0.9785968082609897,
        -0.0,
        -0.20578699390730246,
        0.351924427865464
      ],
      [
        0.0,
        1.0000000000000002,
        -0.0,
        0.0
      ],
      [
        0.20578699390730246,
        0.0,
        0.9785968082609897,
        -0.14999390605055254
      ],
      [
        0.0,
        0.0,
        0.0,
        1.0
      ]
    ],
    [
      [
        0.9781590451083313,
        -0.0,
        -0.20785784198042084,
        0.3594121789490735
      ],
      [
        0.0,
        1.0,
        -0.0,
        0.0
      ],
      [
        0.20785784198042084,
        0.0,
        0.9781590451083313,
        -0.16792974538273284
      ],
      [
        0.0,
        0.0,
        0.0,
        1.0
      ]
    ],
    [
      [
        0.9776909920579463,
        -0.0,
        -0.21004838501818665,
        0.36689994695745864
      ],
      [
        0.0,
        0.9999999999999999,
        -0.0,
        0.0
      ],
      [
        0.21004838501818665,
        0.0,
        0.9776909920579463,
        -0.1842435057516451
      ],
      [
        0.0,
        0.0,
        0.0,
        1.0
      ]
    ],
    [
      [
        0.9772033725822008,
        -0.0,
        -0.21230536642763634,
        0.3743877149658439
      ],
      [
        0.0,
        1.0000000000000002,
        -0.0,
        0.0
      ],
      [
        0.21230536642763634,
        0.0,
        0.9772033725822008,
        -0.1997380996191943
      ],
      [
        0.0,
        0.0,
        0.0,
        1.0
      ]
    ],
    [
      [
        0.9766890501776554,
        -0.0,
        -0.21465903023881705,
        0.381875482974229
      ],
      [
        0.0,
        1.0,
        -0.0,
        0.0
      ],
      [
        0.21465903023881705,
        0.0,
        0.9766890501776554,
        -0.21404490205976698
      ],
      [
        0.0,
        0.0,
        0.0,
        1.0
      ]
    ],
    [
      [
        0.9761355216545752,
        -0.0,
        -0.21716225124120922,
        0.38936323736920775
      ],
      [
        0.0,
        0.9999999999999999,
        -0.0,
        0.0
      ],
      [
        0.21716225124120922,
        0.0,
        0.9761355216545752,
        -0.22665139002564516
      ],
      [
        0.0,
        0.0,
        0.0,
        1.0
      ]
    ],
    [
      [
        0.9755592332700186,
        -0.0,
        -0.21973662048373654,
        0.39685098734902746
      ],
      [
        0.0,
        1.0,
        -0.0,
        0.0
      ],
      [
        0.21973662048373654,
        0.0,
        0.9755592332700186,
        -0.23845560499179508
      ],
      [
        0.0,
        0.0,
        0.0,
        1.0
      ]
    ],
    [
      [
        0.9749286164053946,
        -0.0,
        -0.2225178485287488,
        0.4043387373288472
      ],
      [
        0.0,
        1.0000000000000002,
        -0.0,
        0.0
      ],
      [
        0.2225178485287488,
        0.0,
        0.9749286164053946,
        -0.24805260698000586
      ],
      [
        0.0,
        0.0,
        0.0,
        1.0
      ]
    ],
    [
      [
        0.9742627782368598,
        -0.0,
        -0.2254152588938807,
        0.4118264873086671
      ],
      [
        0.0,
        1.0,
        -0.0,
        0.0
      ],
      [
        0.2254152588938807,
        0.0,
        0.9742627782368598,
        -0.2564722619674824
      ],
      [
        0.0,
        0.0,
        0.0,
        1.0
      ]
    ],
    [
      [
        0.9735543834405742,
        -0.0,
        -0.22845538401106635,
        0.4193142372884868
      ],
      [
        0.0,
        1.0000000000000002,
        -0.0,
        0.0
      ],
      [
        0.22845538401106635,
        0.0,
        0.9735543834405742,
        -0.26344699109042136
      ],
      [
        0.0,
        0.0,
        0.0,
        1.0
      ]
    ],
    [
      [
        0.9727812019431363,
        -0.0,
        -0.23172555566028333,
        0.4268020016175729
      ],
      [
        0.0,
        1.0,
        -0.0,
        0.0
      ],
      [
        0.23172555566028333,
        0.0,
        0.9727812019431363,
        -0.26823965598035737
      ],
      [
        0.0,
        0.0,
        0.0,
        1.0
      ]
    ],
    [
      [
        0.9719716015738304,
        -0.0,
        -0.2350982895173923,
        0.43428976705044875
      ],
      [
        0.0,
        1.0000000000000002,
        -0.0,
        0.0
      ],
      [
        0.2350982895173923,
        0.0,
        0.9719716015738304,
        -0.2720708162696273
      ],
      [
        0.0,
        0.0,
        0.0,
        1.0
      ]
    ],
    [
      [
        0.9710830372835979,
        -0.0,
        -0.23874198353046813,
        0.4417775170302686
      ],
      [
        0.0,
        1.0,
        -0.0,
        0.0
      ],
      [
        0.23874198353046813,
        0.0,
        0.9710830372835979,
        -0.2734899708518276
      ],
      [
        0.0,
        0.0,
        0.0,
        1.0
      ]
    ],
    [
      [
        0.970138479622466,
        -0.0,
        -0.2425517065613227,
        0.4492652581797706
      ],
      [
        0.0,
        0.9999999999999999,
        -0.0,
        0.0
      ],
      [
        0.2425517065613227,
        0.0,
        0.970138479622466,
        -0.2735189331902398
      ],
      [
        0.0,
        0.0,
        0.0,
        1.0
      ]
    ],
    [
      [
        0.9691341523714841,
        -0.0,
        -0.24653396258366642,
        0.45675299013102494
      ],
      [
        0.0,
        0.9999999999999999,
        -0.0,
        0.0
      ],
      [
        0.24653396258366642,
        0.0,
        0.9691341523714841,
        -0.2720997786080396
      ],
      [
        0.0,
        0.0,
        0.0,
        1.0
      ]
    ],
    [
      [
        0.968033201147718,
        -0.0,
        -0.2508220912832477,
        0.46424076733765773
      ],
      [
        0.0,
        1.0,
        -0.0,
        0.0
      ],
      [
        0.2508220912832477,
        0.0,
        0.968033201147718,
        -0.26832604702608087
      ],
      [
        0.0,
        0.0,
        0.0,
        1.0
      ]
    ],
    [
      [
        0.9668782540464645,
        -0.0,
        -0.25523801020236103,
        0.4717285434405009
      ],
      [
        0.0,
        1.0,
        -0.0,
        0.0
      ],
      [
        0.25523801020236103,
        0.0,
        0.9668782540464645,
        -0.26358932918972433
      ],
      [
        0.0,
        0.0,
        0.0,
        1.0
      ]
    ],
    [
      [
        0.965616833966272,
        -0.0,
        -0.2599694789027225,
        0.47921627539175526
      ],
      [
        0.0,
        0.9999999999999999,
        -0.0,
        0.0
      ],
      [
        0.2599694789027225,
        0.0,
        0.965616833966272,
        -0.2566145820382201
      ],
      [
        0.0,
        0.0,
        0.0,
        1.0
      ]
    ],
    [
      [
        0.9642719478730886,
        -0.0,
        -0.2649143456761811,
        0.48670401690918724
      ],
      [
        0.0,
        0.9999999999999998,
        -0.0,
        0.0
      ],
      [
        0.2649143456761811,
        0.0,
        0.9642719478730886,
        -0.2482484487103827
      ],
      [
        0.0,
        0.0,
        0.0,
        1.0
      ]
    ],
    [
      [
        0.962847345640144,
        -0.0,
        -0.2700462719493255,
        0.49419176688900696
      ],
      [
        0.0,
        0.9999999999999999,
        -0.0,
        0.0
      ],
      [
        0.2700462719493255,
        0.0,
        0.962847345640144,
        -0.23865147376502005
      ],
      [
        0.0,
        0.0,
        0.0,
        1.0
      ]
    ],
    [
      [
        0.9612870796899929,
        -0.0,
        -0.2755488167658963,
        0.5016795168688268
      ],
      [
        0.0,
        1.0000000000000002,
        -0.0,
        0.0
      ],
      [
        0.2755488167658963,
        0.0,
        0.9612870796899929,
        -0.22689743395204892
      ],
      [
        0.0,
        0.0,
        0.0,
        1.0
      ]
    ],
    [
      [
        0.9596506786447356,
        -0.0,
        -0.28119490567344696,
        0.5091672789903334
      ],
      [
        0.0,
        1.0000000000000002,
        -0.0,
        0.0
      ],
      [
        0.28119490567344696,
        0.0,
        0.9596506786447356,
        -0.21433690337487205
      ],
      [
        0.0,
        0.0,
        0.0,
        1.0
      ]
    ],
    [
      [
        0.9578779345220114,
        -0.0,
        -0.2871756649785027,
        0.5166550830558494
      ],
      [
        0.0,
        1.0,
        -0.0,
        0.0
      ],
      [
        0.2871756649785027,
        0.0,
        0.9578779345220114,
        -0.20003008290573404
      ],
      [
        0.0,
        0.0,
        0.0,
        1.0
      ]
    ],
    [
      [
        0.9559885997935261,
        -0.0,
        -0.2934038122874569,
        0.5241428253091411
      ],
      [
        0.0,
        0.9999999999999999,
        -0.0,
        0.0
      ],
      [
        0.2934038122874569,
        0.0,
        0.9559885997935261,
        -0.18457642933468765
      ],
      [
        0.0,
        0.0,
        0.0,
        1.0
      ]
    ],
    [
      [
        0.9539979670918647,
        -0.0,
        -0.2998130730715214,
        0.5316305212032648
      ],
      [
        0.0,
        0.9999999999999999,
        -0.0,
        0.0
      ],
      [
        0.2998130730715214,
        0.0,
        0.9539979670918647,
        -0.1682626509372098
      ],
      [
        0.0,
        0.0,
        0.0,
        1.0
      ]
    ],
    [
      [
        0.9518302921858282,
        -0.0,
        -0.3066253330653569,
        0.5391182833247714
      ],
      [
        0.0,
        1.0,
        -0.0,
        0.0
      ],
      [
        0.3066253330653569,
        0.0,
        0.9518302921858282,
        -0.15036208927631373
      ],
      [
        0.0,
        0.0,
        0.0,
        1.0
      ]
    ],
    [
      [
        0.9495626283817402,
        -0.0,
        -0.31357744622463096,
        0.5466060608993342
      ],
      [
        0.0,
        1.0,
        -0.0,
        0.0
      ],
      [
        0.31357744622463096,
        0.0,
        0.9495626283817402,
        -0.1319439626402325
      ],
      [
        0.0,
        0.0,
        0.0,
        1.0
      ]
    ],
    [
      [
        0.9471332690840345,
        -0.0,
        -0.32084041296911125,
        0.5540938649648501
      ],
      [
        0.0,
        0.9999999999999999,
        -0.0,
        0.0
      ],
      [
        0.32084041296911125,
        0.0,
        0.9471332690840345,
        -0.11248317195309539
      ],
      [
        0.0,
        0.0,
        0.0,
        1.0
      ]
    ],
    [
      [
        0.944557048155972,
        -0.0,
        -0.3283473508022815,
        0.5615816248787775
      ],
      [
        0.0,
        0.9999999999999998,
        -0.0,
        0.0
      ],
      [
        0.3283473508022815,
        0.0,
        0.944557048155972,
        -0.09235739211241392
      ],
      [
        0.0,
        0.0,
        0.0,
        1.0
      ]
    ],
    [
      [
        0.9418621282539692,
        -0.0,
        -0.3359996002392017,
        0.5690693568300318
      ],
      [
        0.0,
        0.9999999999999998,
        -0.0,
        0.0
      ],
      [
        0.3359996002392017,
        0.0,
        0.9418621282539692,
        -0.0718104524744881
      ],
      [
        0.0,
        0.0,
        0.0,
        1.0
      ]
    ],
    [
      [
        0.9389649578589703,
        -0.0,
        -0.344012801960773,
        0.5765571233666973
      ],
      [
        0.0,
        1.0,
        -0.0,
        0.0
      ],
      [
        0.344012801960773,
        0.0,
        0.9389649578589703,
        -0.05055888912376062
      ],
      [
        0.0,
        0.0,
        0.0,
        1.0
      ]
    ],
    [
      [
        0.9359524266081953,
        -0.0,
        -0.35212647603699304,
        0.5840448913750825
      ],
      [
        0.0,
        1.0000000000000002,
        -0.0,
        0.0
      ],
      [
        0.35212647603699304,
        0.0,
        0.9359524266081953,
        -0.029163932538830026
      ],
      [
        0.0,
        0.0,
        0.0,
        1.0
      ]
    ],
    [
      [
        0.9327744616076566,
        -0.0,
        -0.3604605439885844,
        0.5915326593834678
      ],
      [
        0.0,
        0.9999999999999999,
        -0.0,
        0.0
      ],
      [
        0.3604605439885844,
        0.0,
        0.9327744616076566,
        -0.007511914995337327
      ],
      [
        0.0,
        0.0,
        0.0,
        1.0
      ]
    ],
    [
      [
        0.9316545724868774,
        0.0,
        -0.36334526538848877,
        0.5941304564476013
      ],
      [
        0.0,
        1.0,
        0.0,
        0.0
      ],
      [
        0.36334526538848877,
        0.0,
        0.9316545128822327,
        9.458527294725627e-09
      ],
      [
        0.0,
        0.0,
        0.0,
        1.0
      ]
    ]
  ],
  "original_num_poses": 49,
  "target_num_poses": 81
}