{
 "K": [
  [
   816.1527099609375,
   0.0,
   512.0
  ],
  [
   0.0,
   815.5313110351562,
   288.0000305175781
  ],
  [
   0.0,
   0.0,
   1.0
  ]
 ],
 "poses": [
  [
   [
    1.0,
    0.0,
    0.0,
    0.0
   ],
   [
    0.0,
    1.0,
    0.0,
    0.0
   ],
   [
    0.0,
    0.0,
    1.0,
    0.0
   ],
   [
    0.0,
    0.0,
    0.0,
    1.0
   ]
  ],
  [
   [
    0.999965488910675,
    0.0,
    -0.008320200257003307,
    0.012377717532217503
   ],
   [
    0.0,
    1.0,
    0.0,
    0.0
   ],
   [
    0.008320200257003307,
    0.0,
    0.9999654293060303,
    0.035792116075754166
   ],
   [
    0.0,
    0.0,
    0.0,
    1.0
   ]
  ],
  [
   [
    0.9998547434806824,
    0.0,
    -0.017041558399796486,
    0.024755433201789856
   ],
   [
    0.0,
    1.0,
    0.0,
    0.0
   ],
   [
    0.017041558399796486,
    0.0,
    0.9998546838760376,
    0.07097180932760239
   ],
   [
    0.0,
    0.0,
    0.0,
    1.0
   ]
  ],
  [
   [
    0.9996575713157654,
    0.0,
    -0.026169270277023315,
    0.037133149802684784
   ],
   [
    0.0,
    1.0,
    0.0,
    0.0
   ],
   [
    0.026169270277023315,
    0.0,
    0.9996575117111206,
    0.10493716597557068
   ],
   [
    0.0,
    0.0,
    0.0,
    1.0
   ]
  ],
  [
   [
    0.9993628263473511,
    0.0,
    -0.035691529512405396,
    0.04951086640357971
   ],
   [
    0.0,
    1.0,
    0.0,
    0.0
   ],
   [
    0.035691529512405396,
    0.0,
    0.9993628859519958,
    0.1371070146560669
   ],
   [
    0.0,
    0.0,
    0.0,
    1.0
   ]
  ],
  [
   [
    0.9989607930183411,
    0.0,
    -0.045576974749565125,
    0.06188857927918434
   ],
   [
    0.0,
    1.0,
    0.0,
    0.0
   ],
   [
    0.045576974749565125,
    0.0,
    0.9989608526229858,
    0.1669309288263321
   ],
   [
    0.0,
    0.0,
    0.0,
    1.0
   ]
  ],
  [
   [
    0.9984434247016907,
    0.0,
    -0.055772844702005386,
    0.07426629960536957
   ],
   [
    0.0,
    1.0,
    0.0,
    0.0
   ],
   [
    0.055772844702005386,
    0.0,
    0.9984435439109802,
    0.19389860332012177
   ],
   [
    0.0,
    0.0,
    0.0,
    1.0
   ]
  ],
  [
   [
    0.9978060126304626,
    0.0,
    -0.06620445847511292,
    0.0866440162062645
   ],
   [
    0.0,
    1.0,
    0.0,
    0.0
   ],
   [
    0.06620445847511292,
    0.0,
    0.9978061318397522,
    0.21754862368106842
   ],
   [
    0.0,
    0.0,
    0.0,
    1.0
   ]
  ],
  [
   [
    0.9970483779907227,
    0.0,
    -0.0767764076590538,
    0.09902173280715942
   ],
   [
    0.0,
    1.0,
    0.0,
    0.0
   ],
   [
    0.0767764076590538,
    0.0,
    0.9970483183860779,
    0.23747631907463074
   ],
   [
    0.0,
    0.0,
    0.0,
    1.0
   ]
  ],
  [
   [
    0.9961754083633423,
    0.0,
    -0.08737576752901077,
    0.11139944940805435
   ],
   [
    0.0,
    1.0,
    0.0,
    0.0
   ],
   [
    0.08737576752901077,
    0.0,
    0.9961754083633423,
    0.2533407509326935
   ],
   [
    0.0,
    0.0,
    0.0,
    1.0
   ]
  ],
  [
   [
    0.9951984286308289,
    0.0,
    -0.09787750244140625,
    0.12377715855836868
   ],
   [
    0.0,
    1.0,
    0.0,
    0.0
   ],
   [
    0.09787750244140625,
    0.0,
    0.9951984286308289,
    0.26487040519714355
   ],
   [
    0.0,
    0.0,
    0.0,
    1.0
   ]
  ],
  [
   [
    0.9941343665122986,
    0.0,
    -0.10815149545669556,
    0.1361548751592636
   ],
   [
    0.0,
    1.0,
    0.0,
    0.0
   ],
   [
    0.10815149545669556,
    0.0,
    0.9941344857215881,
    0.27186813950538635
   ],
   [
    0.0,
    0.0,
    0.0,
    1.0
   ]
  ],
  [
   [
    0.9930051565170288,
    0.0,
    -0.11807074397802353,
    0.14853259921073914
   ],
   [
    0.0,
    1.0,
    0.0,
    0.0
   ],
   [
    0.11807074397802353,
    0.0,
    0.9930052161216736,
    0.2742140293121338
   ],
   [
    0.0,
    0.0,
    0.0,
    1.0
   ]
  ],
  [
   [
    0.9918360114097595,
    0.0,
    -0.127519890666008,
    0.16091030836105347
   ],
   [
    0.0,
    1.0,
    0.0,
    0.0
   ],
   [
    0.127519890666008,
    0.0,
    0.9918360114097595,
    0.2718680799007416
   ],
   [
    0.0,
    0.0,
    0.0,
    1.0
   ]
  ],
  [
   [
    0.9906534552574158,
    0.0,
    -0.13640271127223969,
    0.173288032412529
   ],
   [
    0.0,
    1.0,
    0.0,
    0.0
   ],
   [
    0.13640271127223969,
    0.0,
    0.9906534552574158,
    0.26487040519714355
   ],
   [
    0.0,
    0.0,
    0.0,
    1.0
   ]
  ],
  [
   [
    0.9894831776618958,
    0.0,
    -0.1446479707956314,
    0.18566572666168213
   ],
   [
    0.0,
    1.0,
    0.0,
    0.0
   ],
   [
    0.1446479707956314,
    0.0,
    0.9894831776618958,
    0.2533407509326935
   ],
   [
    0.0,
    0.0,
    0.0,
    1.0
   ]
  ],
  [
   [
    0.9883476495742798,
    0.0,
    -0.15221282839775085,
    0.19804345071315765
   ],
   [
    0.0,
    1.0,
    0.0,
    0.0
   ],
   [
    0.15221282839775085,
    0.0,
    0.9883477091789246,
    0.23747630417346954
   ],
   [
    0.0,
    0.0,
    0.0,
    1.0
   ]
  ],
  [
   [
    0.9872651100158691,
    0.0,
    -0.15908372402191162,
    0.21042118966579437
   ],
   [
    0.0,
    1.0,
    0.0,
    0.0
   ],
   [
    0.15908372402191162,
    0.0,
    0.9872651100158691,
    0.21754862368106842
   ],
   [
    0.0,
    0.0,
    0.0,
    1.0
   ]
  ],
  [
   [
    0.9862475395202637,
    0.0,
    -0.1652747243642807,
    0.22279886901378632
   ],
   [
    0.0,
    1.0,
    0.0,
    0.0
   ],
   [
    0.1652747243642807,
    0.0,
    0.9862474799156189,
    0.19389858841896057
   ],
   [
    0.0,
    0.0,
    0.0,
    1.0
   ]
  ],
  [
   [
    0.9853014349937439,
    0.0,
    -0.1708243489265442,
    0.23517660796642303
   ],
   [
    0.0,
    1.0,
    0.0,
    0.0
   ],
   [
    0.1708243489265442,
    0.0,
    0.9853015542030334,
    0.1669309288263321
   ],
   [
    0.0,
    0.0,
    0.0,
    1.0
   ]
  ],
  [
   [
    0.9844275116920471,
    0.0,
    -0.17579063773155212,
    0.24755431711673737
   ],
   [
    0.0,
    1.0,
    0.0,
    0.0
   ],
   [
    0.17579063773155212,
    0.0,
    0.9844276309013367,
    0.1371070146560669
   ],
   [
    0.0,
    0.0,
    0.0,
    1.0
   ]
  ],
  [
   [
    0.9836214184761047,
    0.0,
    -0.18024630844593048,
    0.2599320411682129
   ],
   [
    0.0,
    1.0,
    0.0,
    0.0
   ],
   [
    0.18024630844593048,
    0.0,
    0.9836214780807495,
    0.10493715852499008
   ],
   [
    0.0,
    0.0,
    0.0,
    1.0
   ]
  ],
  [
   [
    0.9828749299049377,
    0.0,
    -0.18427373468875885,
    0.2723097801208496
   ],
   [
    0.0,
    1.0,
    0.0,
    0.0
   ],
   [
    0.18427373468875885,
    0.0,
    0.9828749895095825,
    0.07097181677818298
   ],
   [
    0.0,
    0.0,
    0.0,
    1.0
   ]
  ],
  [
   [
    0.982176661491394,
    0.0,
    -0.18796034157276154,
    0.28468748927116394
   ],
   [
    0.0,
    1.0,
    0.0,
    0.0
   ],
   [
    0.18796034157276154,
    0.0,
    0.982176661491394,
    0.035792116075754166
   ],
   [
    0.0,
    0.0,
    0.0,
    1.0
   ]
  ],
  [
   [
    0.9815130233764648,
    0.0,
    -0.19139505922794342,
    0.2970651686191559
   ],
   [
    0.0,
    1.0,
    0.0,
    0.0
   ],
   [
    0.19139505922794342,
    0.0,
    0.9815131425857544,
    -5.4024229534377355e-09
   ],
   [
    0.0,
    0.0,
    0.0,
    1.0
   ]
  ],
  [
   [
    0.9808695912361145,
    0.0,
    -0.19466553628444672,
    0.3094429075717926
   ],
   [
    0.0,
    1.0,
    0.0,
    0.0
   ],
   [
    0.19466552138328552,
    0.0,
    0.9808696508407593,
    -0.035792116075754166
   ],
   [
    0.0,
    0.0,
    0.0,
    1.0
   ]
  ],
  [
   [
    0.980230987071991,
    0.0,
    -0.19785620272159576,
    0.32182061672210693
   ],
   [
    0.0,
    1.0,
    0.0,
    0.0
   ],
   [
    0.19785620272159576,
    0.0,
    0.9802311062812805,
    -0.07097181677818298
   ],
   [
    0.0,
    0.0,
    0.0,
    1.0
   ]
  ],
  [
   [
    0.9795815944671631,
    0.0,
    -0.20104698836803436,
    0.33419835567474365
   ],
   [
    0.0,
    1.0,
    0.0,
    0.0
   ],
   [
    0.20104698836803436,
    0.0,
    0.9795815944671631,
    -0.10493716597557068
   ],
   [
    0.0,
    0.0,
    0.0,
    1.0
   ]
  ],
  [
   [
    0.9789055585861206,
    0.0,
    -0.20431287586688995,
    0.3465760350227356
   ],
   [
    0.0,
    1.0,
    0.0,
    0.0
   ],
   [
    0.20431287586688995,
    0.0,
    0.9789056777954102,
    -0.1371070295572281
   ],
   [
    0.0,
    0.0,
    0.0,
    1.0
   ]
  ],
  [
   [
    0.9781875014305115,
    0.0,
    -0.2077236920595169,
    0.3589537441730499
   ],
   [
    0.0,
    1.0,
    0.0,
    0.0
   ],
   [
    0.2077236920595169,
    0.0,
    0.9781875610351562,
    -0.1669309437274933
   ],
   [
    0.0,
    0.0,
    0.0,
    1.0
   ]
  ],
  [
   [
    0.977411687374115,
    0.0,
    -0.21134433150291443,
    0.37133148312568665
   ],
   [
    0.0,
    1.0,
    0.0,
    0.0
   ],
   [
    0.21134433150291443,
    0.0,
    0.9774116277694702,
    -0.19389858841896057
   ],
   [
    0.0,
    0.0,
    0.0,
    1.0
   ]
  ],
  [
   [
    0.9765622615814209,
    0.0,
    -0.21523524820804596,
    0.38370922207832336
   ],
   [
    0.0,
    1.0,
    0.0,
    0.0
   ],
   [
    0.21523524820804596,
    0.0,
    0.9765622019767761,
    -0.21754860877990723
   ],
   [
    0.0,
    0.0,
    0.0,
    1.0
   ]
  ],
  [
   [
    0.9756231307983398,
    0.0,
    -0.21945272386074066,
    0.3960869312286377
   ],
   [
    0.0,
    1.0,
    0.0,
    0.0
   ],
   [
    0.21945272386074066,
    0.0,
    0.9756231904029846,
    -0.23747631907463074
   ],
   [
    0.0,
    0.0,
    0.0,
    1.0
   ]
  ],
  [
   [
    0.9745777249336243,
    0.0,
    -0.22404959797859192,
    0.408464640378952
   ],
   [
    0.0,
    1.0,
    0.0,
    0.0
   ],
   [
    0.22404958307743073,
    0.0,
    0.974577784538269,
    -0.2533407509326935
   ],
   [
    0.0,
    0.0,
    0.0,
    1.0
   ]
  ],
  [
   [
    0.9734086394309998,
    0.0,
    -0.22907555103302002,
    0.42084234952926636
   ],
   [
    0.0,
    1.0,
    0.0,
    0.0
   ],
   [
    0.22907553613185883,
    0.0,
    0.9734086394309998,
    -0.26487040519714355
   ],
   [
    0.0,
    0.0,
    0.0,
    1.0
   ]
  ],
  [
   [
    0.9720973968505859,
    0.0,
    -0.2345774918794632,
    0.4332200884819031
   ],
   [
    0.0,
    1.0,
    0.0,
    0.0
   ],
   [
    0.2345774918794632,
    0.0,
    0.9720974564552307,
    -0.2718680799007416
   ],
   [
    0.0,
    0.0,
    0.0,
    1.0
   ]
  ],
  [
   [
    0.9706244468688965,
    0.0,
    -0.24059972167015076,
    0.4455977976322174
   ],
   [
    0.0,
    1.0,
    0.0,
    0.0
   ],
   [
    0.24059972167015076,
    0.0,
    0.9706244468688965,
    -0.2742140293121338
   ],
   [
    0.0,
    0.0,
    0.0,
    1.0
   ]
  ],
  [
   [
    0.9689685702323914,
    0.0,
    -0.24718372523784637,
    0.45797547698020935
   ],
   [
    0.0,
    1.0,
    0.0,
    0.0
   ],
   [
    0.24718372523784637,
    0.0,
    0.9689685702323914,
    -0.2718680799007416
   ],
   [
    0.0,
    0.0,
    0.0,
    1.0
   ]
  ],
  [
   [
    0.9671074748039246,
    0.0,
    -0.25436830520629883,
    0.47035324573516846
   ],
   [
    0.0,
    1.0,
    0.0,
    0.0
   ],
   [
    0.25436830520629883,
    0.0,
    0.9671074748039246,
    -0.26487040519714355
   ],
   [
    0.0,
    0.0,
    0.0,
    1.0
   ]
  ],
  [
   [
    0.9650167226791382,
    0.0,
    -0.26218822598457336,
    0.4827309250831604
   ],
   [
    0.0,
    1.0,
    0.0,
    0.0
   ],
   [
    0.26218822598457336,
    0.0,
    0.965016782283783,
    -0.2533407211303711
   ],
   [
    0.0,
    0.0,
    0.0,
    1.0
   ]
  ],
  [
   [
    0.9626709818840027,
    0.0,
    -0.2706741392612457,
    0.49510863423347473
   ],
   [
    0.0,
    1.0,
    0.0,
    0.0
   ],
   [
    0.2706741392612457,
    0.0,
    0.9626709818840027,
    -0.23747633397579193
   ],
   [
    0.0,
    0.0,
    0.0,
    1.0
   ]
  ],
  [
   [
    0.9600434899330139,
    0.0,
    -0.2798507809638977,
    0.5074863433837891
   ],
   [
    0.0,
    1.0,
    0.0,
    0.0
   ],
   [
    0.2798507809638977,
    0.0,
    0.9600435495376587,
    -0.21754863858222961
   ],
   [
    0.0,
    0.0,
    0.0,
    1.0
   ]
  ],
  [
   [
    0.9571068286895752,
    0.0,
    -0.28973543643951416,
    0.5198641419410706
   ],
   [
    0.0,
    1.0,
    0.0,
    0.0
   ],
   [
    0.28973543643951416,
    0.0,
    0.9571067690849304,
    -0.19389858841896057
   ],
   [
    0.0,
    0.0,
    0.0,
    1.0
   ]
  ],
  [
   [
    0.9538335204124451,
    0.0,
    -0.30033567547798157,
    0.5322417616844177
   ],
   [
    0.0,
    1.0,
    0.0,
    0.0
   ],
   [
    0.30033567547798157,
    0.0,
    0.9538335204124451,
    -0.1669309139251709
   ],
   [
    0.0,
    0.0,
    0.0,
    1.0
   ]
  ],
  [
   [
    0.9501977562904358,
    0.0,
    -0.3116474449634552,
    0.5446195006370544
   ],
   [
    0.0,
    1.0,
    0.0,
    0.0
   ],
   [
    0.3116474449634552,
    0.0,
    0.9501978754997253,
    -0.1371070295572281
   ],
   [
    0.0,
    0.0,
    0.0,
    1.0
   ]
  ],
  [
   [
    0.9461763501167297,
    0.0,
    -0.32365161180496216,
    0.5569972991943359
   ],
   [
    0.0,
    1.0,
    0.0,
    0.0
   ],
   [
    0.32365161180496216,
    0.0,
    0.946176290512085,
    -0.10493715107440948
   ],
   [
    0.0,
    0.0,
    0.0,
    1.0
   ]
  ],
  [
   [
    0.9417507648468018,
    0.0,
    -0.3363114595413208,
    0.5693749785423279
   ],
   [
    0.0,
    1.0,
    0.0,
    0.0
   ],
   [
    0.3363114595413208,
    0.0,
    0.9417507648468018,
    -0.07097180187702179
   ],
   [
    0.0,
    0.0,
    0.0,
    1.0
   ]
  ],
  [
   [
    0.9369104504585266,
    0.0,
    -0.3495696187019348,
    0.5817527174949646
   ],
   [
    0.0,
    1.0,
    0.0,
    0.0
   ],
   [
    0.3495696187019348,
    0.0,
    0.9369103312492371,
    -0.03579210117459297
   ],
   [
    0.0,
    0.0,
    0.0,
    1.0
   ]
  ],
  [
   [
    0.9316545724868774,
    0.0,
    -0.36334526538848877,
    0.5941304564476013
   ],
   [
    0.0,
    1.0,
    0.0,
    0.0
   ],
   [
    0.36334526538848877,
    0.0,
    0.9316545128822327,
    9.458527294725627e-09
   ],
   [
    0.0,
    0.0,
    0.0,
    1.0
   ]
  ]
 ]
}